80
70
74
68
70
70
64
falla 
64
80
72
58
84
60
falla 
falla 
falla 
falla 
76
76
76
66
78
76
72
76
76
falla 
66
90
66
66
66
66
66
66
84
64
64
76
84
64
58
76
84
76
78
74
68
68
68
68
64
68
62
82
74
76
62
80
64
68
72
68
74
falla 
76
falla 
78
70
72
falla 
falla 
falla 
76
74
76
66
80
68
62
72
70
70
70
70
72
72
72
68
70
84
86
70
64
78
78
78
78
74
70
falla 
60
72
68
68
70
68
70
84
76
74
78
78
74
56
56
66
76
78
76
78
52
68
68
68
68
68
68
66
58
58
58
58
74
74
72
76
84
82
78
78
78
82
78
72
76
72
72
78
72
76
72
72
74
78
82
falla 
74
76
104
92
78
68
74
62
74
78
78
70
62
66
66
66
78
falla 
76
76
74
68
66
82
82
64
82
70
84
74
70
68
80
78
58
68
74
68
72
72
64
68
78
74
76
74
74
76
58
falla 
falla 
80
84
72
76
72
68
72
falla 
falla 
falla 
falla 
falla 
falla 
falla 
falla 
76
76
64
58
66
68
70
66
